whack
whacking
whale
whaleback
whaleboat
whalebone
whaler
wham
whang
wharf
wharfage
wharfinger
wharfmaster
wharve
what
whateer
whaterer
whatever
whatman
whatnot
whatsoever
wheal
wheat
wheatear
wheaten
wheatworm
whee
wheedle
wheel
wheelbarrow
wheelbase
wheelchair
wheeled
wheeler
wheelhouse
wheelman
wheelsman
wheelwork
wheelwright
wheen
wheeze
wheezy
whelk
whelm
whelp
when
whenas
whence
whencesoever
whenever
wheras
where
whereabout
whereabouts
whereas
whereat
whereby
wherefore
wherefrom
wherein
whereof
whereon
wheresoever
wherethrough
whereto
whereunder
whereunto
whereupon
wherever
wherewith
wherewithal
wherry
wherunto
whet
whether
whetstone
whetter
whew
whey
wheyey
which
whichever
whichsoever
whicker
whiff
whiffet
whiffle
whiffler
whig
whiggism
whigmaleerie
whigmaleery
while
whiles
whilom
whilst
whim
whimper
whimsey
whimsical
whimsicality
whimsicallity
whimsied
whimslcally
whimsy
whin
whine
whinger
whiningly
whinny
whinstone
whip
whipcord
whiplash
whiplike
whipper
whippersnapper
whippet
whipping
whippletree
whippoorwill
whippy
whipsaw
whipster
whipstitch
whipstock
whir
whirl
whirler
whirligig
whirlpool
whirlwind
whirlybird
whirr
whirry
whish
whisk
whisker
whiskery
whiskey
whisky
whisper
whisperer
whisperingly
whispery
whist
whistel
whistle
whistler
whit
white
whitecap
whited
whiten
whitener
whiteness
whitening
whiteout
whites
whitesmith
whitethorn
whitewall
whitewash
whitewater
whitewood
whitey
whither
whithersoever
whitherward
whithness
whiting
whitish
whitleather
whitlow
whitmonday
whitsun
whitsunday
whitsuntide
whittle
whittler
whity
whiz
whizbang
whizzbang
whizzer
who
whoa
whodunit
whoeer
whoever
whole
wholehearted
wholeheartedly
wholeness
wholesale
wholesaler
wholeseller
wholesome
wholesomeness
wholesore
wholly
whom
whomever
whomp
whomso
whomsoever
whoop
whoopee
whoopla
whoosh
whop
whopper
whopping
whore
whoredom
whoredon
whorehouse
whoremaster
whoremonger
whoreson
whorish
whorl
whort
whortle
whose
whosesoever
whoso
whosoever
whry
why